mean1	mean2	1>1	2>1	1>2	2>2	len1	len2
0.5	0.5	0.5	0.5	0.5	0.5	1.0	1.0
0.50654805	0.49337596	0.51967096	0.5194233	0.48032907	0.48057675	1.0512408	1.0511297
0.50780386	0.49122107	0.5454676	0.544875	0.45453244	0.45512494	1.104974	1.1039948
0.5091608	0.48832583	0.5748581	0.5738312	0.42514187	0.42616874	1.1612371	1.1577326
0.51063335	0.4849755	0.60740685	0.6057195	0.3925931	0.39428055	1.220098	1.2114443
0.51198584	0.48102698	0.64216906	0.6394941	0.357831	0.36050588	1.2816246	1.2642684
0.5131741	0.47630313	0.6779088	0.67385066	0.32209125	0.32614937	1.3458326	1.3154327
0.51412344	0.47077215	0.71333927	0.70749223	0.28666076	0.29250777	1.4126389	1.3642948
0.51484853	0.46457157	0.7473013	0.73932666	0.25269866	0.2606733	1.4818345	1.4103769
0.515367	0.4578446	0.77888066	0.76857835	0.22111928	0.23142166	1.5530809	1.4533851
0.51572	0.45071414	0.8074675	0.7948175	0.19253246	0.2051825	1.625926	1.4932098
0.515946	0.4433274	0.8327607	0.81792337	0.16723935	0.18207663	1.6998371	1.5299048
0.5160772	0.43587282	0.85472625	0.8380062	0.14527376	0.16199376	1.7742392	1.5636513
0.51614195	0.42855826	0.87353015	0.85531974	0.12646987	0.14468026	1.848555	1.5947142
0.516154	0.42157805	0.88946354	0.87018484	0.11053645	0.12981518	1.9222403	1.6234009
0.516128	0.41508886	0.9028779	0.8829355	0.09712205	0.11706449	1.9948069	1.6500279
0.51607186	0.4091968	0.91413605	0.8938865	0.08586392	0.10611349	2.0658383	1.6748967
0.51599073	0.40395722	0.9235809	0.90331787	0.07641913	0.09668218	2.134996	1.6982806
0.5158882	0.3993815	0.9315188	0.91147006	0.06848121	0.08852993	2.2020144	1.7204179
0.51576585	0.39544907	0.9382136	0.91854614	0.06178645	0.08145388	2.2666996	1.7415105
0.51562405	0.39211875	0.9438864	0.92471486	0.056113627	0.07528521	2.3289168	1.7617264
0.5154624	0.38933843	0.9487198	0.930116	0.051280186	0.06988407	2.3885834	1.781203
0.5152801	0.38705203	0.95286286	0.9348652	0.047137167	0.06513483	2.4456584	1.8000509
0.5150759	0.38520452	0.9564363	0.93905824	0.04356372	0.060941752	2.5001354	1.8183576
0.5148471	0.3837449	0.959538	0.94277436	0.04046208	0.05722565	2.552035	1.8361909
0.51459295	0.38262713	0.96224684	0.94607943	0.037753165	0.05392062	2.6014	1.8536024
0.51431	0.38181105	0.964627	0.94902813	0.0353729	0.050971854	2.6482878	1.8706288
0.5139955	0.38126227	0.9667308	0.95166636	0.033269204	0.048333567	2.6927705	1.8872943
0.5136474	0.38095245	0.96860045	0.95403266	0.03139954	0.045967337	2.734929	1.9036124
0.51326233	0.3808581	0.9702709	0.95615906	0.029729074	0.043840908	2.7748518	1.9195858
0.5128379	0.3809608	0.9717709	0.95807296	0.02822908	0.041927073	2.8126323	1.9352096
0.5123719	0.38124636	0.9731242	0.95979714	0.026875788	0.040202823	2.848368	1.9504691
0.51186293	0.38170484	0.9743506	0.9613514	0.025649428	0.038648594	2.8821576	1.9653426
0.51131094	0.3823298	0.9754665	0.9627523	0.024533466	0.03724772	2.9141023	1.9798025
0.5107147	0.38311788	0.97648597	0.964014	0.023514017	0.03598593	2.9443016	1.9938152
0.50999653	0.38406685	0.9774206	0.9651492	0.022579398	0.034850784	2.972854	2.0073433
0.5097801	0.38518623	0.9782802	0.9661686	0.021719748	0.03383141	2.9998553	2.0203483
0.5088882	0.38645962	0.9790733	0.96708196	0.020926723	0.032918032	3.025397	2.0327923
0.5079021	0.38789555	0.9798068	0.9678982	0.020193215	0.032101776	3.0495632	2.044641
0.5074933	0.3895031	0.9804868	0.9686257	0.01951322	0.031374283	3.072433	2.055868
0.5066229	0.3912613	0.98111844	0.9692723	0.018881587	0.030727644	3.094076	2.066455
0.506053	0.39317247	0.9817061	0.9698457	0.018293897	0.030154224	3.1145515	2.0763962
0.5054846	0.39521933	0.98225373	0.97035336	0.01774631	0.02964663	3.133913	2.0856981
0.5049116	0.39738593	0.98276454	0.97080225	0.017235495	0.029197775	3.1522048	2.0943787
0.5043969	0.39965397	0.98324156	0.9711991	0.016758438	0.028800925	3.1694658	2.102465
0.50394136	0.4020033	0.9836875	0.97155017	0.016312482	0.028449813	3.1857302	2.1099932
0.5035368	0.40441367	0.9841048	0.9718613	0.015895166	0.028138662	3.2010312	2.1170032
0.5031758	0.40686628	0.98449576	0.9721377	0.015504234	0.027862292	3.2153997	2.1235378
0.5028537	0.40934372	0.98486245	0.9723839	0.015137619	0.027616099	3.2288678	2.129639
0.50257546	0.41183147	0.98520654	0.972604	0.014793424	0.027396034	3.241467	2.1353486
0.50232667	0.41431674	0.98553014	0.9728013	0.014469869	0.027198609	3.2532306	2.1407049
0.50210965	0.41678977	0.98583466	0.9729792	0.014165307	0.02702082	3.264193	2.1457436
0.5019128	0.41924223	0.9861217	0.9731399	0.013878269	0.026860107	3.2743907	2.1504972
0.50168467	0.42166752	0.98639256	0.9732858	0.013607373	0.026714258	3.2838593	2.154994
0.5009382	0.4240572	0.9866486	0.9734186	0.013351357	0.026581384	3.2926354	2.15926
0.501182	0.4264172	0.986891	0.97354	0.01310906	0.026459925	3.300756	2.1633177
0.5014407	0.42873847	0.98712057	0.97365147	0.0128794005	0.026348513	3.3082578	2.1671875
0.5013657	0.43101636	0.98733854	0.97375405	0.012661447	0.026245965	3.3151765	2.1708868
0.50115603	0.43325043	0.98754567	0.9738487	0.012454319	0.026151283	3.3215477	2.1744316
0.50101954	0.43544078	0.9877428	0.97393644	0.012257222	0.026063625	3.3274057	2.1778352
0.50093985	0.4375863	0.98793066	0.97401774	0.012069407	0.025982229	3.332784	2.1811106
0.50087696	0.4396859	0.9881098	0.9740935	0.011890201	0.02590645	3.337714	2.184268
0.50081927	0.44173926	0.98828095	0.97416425	0.011719001	0.025835725	3.3422275	2.1873176
0.5007664	0.44374573	0.9884447	0.9742304	0.011555258	0.025769563	3.3463533	2.1902678
0.50071734	0.4457054	0.9886016	0.9742925	0.011398427	0.025707528	3.35012	2.1931267
0.50066864	0.447618	0.98875195	0.9743508	0.011248047	0.025649227	3.353553	2.195901
0.50062	0.44948393	0.98889637	0.9744057	0.0111037055	0.025594333	3.3566787	2.1985967
0.5005784	0.451303	0.989035	0.97445744	0.010964986	0.025542548	3.3595202	2.20122
0.5005407	0.45307577	0.9891685	0.97450644	0.010831531	0.025493614	3.3621004	2.203776
0.5005046	0.4548022	0.989297	0.97455275	0.010702987	0.025447275	3.36444	2.2062688
0.5004715	0.45648286	0.989421	0.9745967	0.0105790505	0.025403338	3.366558	2.2087033
0.500443	0.4581183	0.9895405	0.97463834	0.010459445	0.0253616	3.3684735	2.211083
0.5004218	0.4597091	0.9896561	0.9746781	0.010343901	0.025321892	3.3702035	2.2134116
0.5004849	0.461256	0.98976785	0.97471595	0.010232175	0.025284056	3.3717635	2.2156918
0.5008851	0.46276098	0.989876	0.97475207	0.010124034	0.025247954	3.3731692	2.217927
0.50068253	0.46422055	0.98998076	0.97478646	0.010019263	0.025213461	3.3744342	2.22012
