mean1	mean2	1>1	2>1	1>2	2>2	len1	len2
0.0	1.0	0.0	1.0	1.0	0.0	1.0	1.0
0.0	1.0	0.0	1.0	1.0	0.0	2.6197224	2.369353
0.0	1.0	0.0	1.0	1.0	0.0	5.4485607	2.5510967
0.0	1.0	0.0	1.0	1.0	0.0	8.850186	1.8792648
0.0	1.0	0.0	1.0	1.0	0.0	9.020971	1.516696
0.0	1.0	0.0	1.0	1.0	0.0	7.9435782	1.5060297
0.0	1.0	0.0	1.0	1.0	0.0	8.601334	1.6864694
0.0	1.0	0.0	1.0	1.0	0.0	8.456504	1.7571348
0.0	1.0	0.0	1.0	1.0	0.0	8.312076	1.7177134
0.0	1.0	0.0	1.0	1.0	0.0	8.51326	1.6841475
0.0	1.0	0.0	1.0	1.0	0.0	8.405564	1.6795467
0.0	1.0	0.0	1.0	1.0	0.0	8.4423485	1.6962723
0.0	1.0	0.0	1.0	1.0	0.0	8.431991	1.699299
0.0	1.0	0.0	1.0	1.0	0.0	8.429554	1.6940466
