mean1	mean2	1>1	2>1	1>2	2>2	len1	len2
0.2	0.2	0.0	1.0	1.0	0.0	3.99925	1.0
0.14261349	0.29373816	0.0	1.0	1.0	0.0	3.99925	1.0
0.15009806	0.2897789	0.0	1.0	1.0	0.0	3.99925	1.0
0.15910797	0.2826859	0.0	1.0	1.0	0.0	3.99925	1.0
0.16537471	0.28008878	0.0	1.0	1.0	0.0	3.99925	1.0
0.16968864	0.2807382	0.0	1.0	1.0	0.0	3.99925	1.0
0.17323628	0.27833888	0.0	1.0	1.0	0.0	3.99925	1.0
0.17604747	0.27623627	0.0	1.0	1.0	0.0	3.99925	1.0
0.17670137	0.27659038	0.0	1.0	1.0	0.0	3.99925	1.0
0.17534639	0.2769148	0.0	1.0	1.0	0.0	3.99925	1.0
0.17487219	0.27742004	0.0	1.0	1.0	0.0	3.99925	1.0
0.17548661	0.2770434	0.0	1.0	1.0	0.0	3.99925	1.0
0.17538065	0.27708703	0.0	1.0	1.0	0.0	3.99925	1.0
0.17523097	0.2772342	0.0	1.0	1.0	0.0	3.99925	1.0
0.1753775	0.27715555	0.0	1.0	1.0	0.0	3.99925	1.0
0.17527844	0.27720788	0.0	1.0	1.0	0.0	3.99925	1.0
0.17532685	0.27719584	0.0	1.0	1.0	0.0	3.99925	1.0
0.1752962	0.2772261	0.0	1.0	1.0	0.0	3.99925	1.0
0.1753113	0.2772276	0.0	1.0	1.0	0.0	3.99925	1.0
0.1752977	0.27724224	0.0	1.0	1.0	0.0	3.99925	1.0
0.17530286	0.27724582	0.0	1.0	1.0	0.0	3.99925	1.0
0.17529742	0.27725452	0.0	1.0	1.0	0.0	3.99925	1.0
0.1752967	0.27726063	0.0	1.0	1.0	0.0	3.99925	1.0
0.17529586	0.27726611	0.0	1.0	1.0	0.0	3.99925	1.0
0.17529367	0.2772718	0.0	1.0	1.0	0.0	3.99925	1.0
0.17529276	0.2772766	0.0	1.0	1.0	0.0	3.99925	1.0
0.17529178	0.277281	0.0	1.0	1.0	0.0	3.99925	1.0
0.17529061	0.27728552	0.0	1.0	1.0	0.0	3.99925	1.0
0.17528956	0.27728933	0.0	1.0	1.0	0.0	3.99925	1.0
0.17528878	0.27729264	0.0	1.0	1.0	0.0	3.99925	1.0
