mean1	mean2	1>1	2>1	1>2	2>2	len1	len2
1.9750445e-07	1.9750445e-07	0.5	0.5	0.5	0.5	1.0	1.0
0.011376634	0.098017044	0.7534068	0.7554627	0.24659312	0.2445373	1.4343171	1.0826284
0.0039586057	0.019672787	0.8988962	0.877804	0.10110384	0.122196086	1.2881818	0.9146909
0.0	0.0	0.9557275	0.92456186	0.044272415	0.07543812	1.1519029	0.90329665
0.02608401	0.0	0.9767734	0.9442559	0.023226589	0.055744052	1.2600658	0.93761444
0.0	0.0	0.9854703	0.9536251	0.014529641	0.04637495	1.2895993	0.9749348
0.026020277	0.0	0.98960704	0.9584883	0.010392921	0.041511673	1.2151573	1.0041176
0.0027999303	0.019707318	0.99184316	0.9611658	0.00815682	0.03883422	1.2285365	1.0242208
-0.006824635	0.0	0.99305624	0.9618394	0.006943752	0.038160685	1.2605076	1.0778831
0.0	0.0	0.99389875	0.9622998	0.006101182	0.03770016	1.2383101	1.1065141
0.0014204126	0.0	0.9945273	0.96263283	0.005472662	0.0373672	1.2316802	1.1183406
0.0	0.0	0.9950228	0.9628888	0.0049772044	0.037111282	1.2466083	1.1199204
0.0	0.0	0.9954295	0.9630975	0.0045705135	0.03690253	1.2411356	1.1158414
-0.0006343811	0.0	0.99577373	0.9632766	0.0042263023	0.036723323	1.2358394	1.1090864
-0.000255989	0.0	0.9960716	0.9634366	0.003928428	0.03656335	1.2415929	1.1014352
0.0	0.0	0.99633336	0.96358335	0.0036666263	0.03641661	1.240401	1.0938559
-1.2803324e-05	0.0	0.9965662	0.96372044	0.0034338238	0.03627953	1.2377269	1.086843
-0.00037807162	0.0	0.996775	0.96384996	0.0032249838	0.036149982	1.2398149	1.0806024
0.0	0.0	0.99696356	0.96397334	0.0030364152	0.036026634	1.2395377	1.075169
0.0	0.0	0.9971347	0.96409136	0.00286525	0.035908636	1.238339	1.0705004
0.0	0.0	0.9972908	0.9642046	0.0027092027	0.035795394	1.2390759	1.0665187
-0.00010178073	0.0	0.9974336	0.96431345	0.0025664212	0.035686534	1.2389653	1.0631309
-6.0352464e-05	0.0	0.9975647	0.96441835	0.0024353613	0.03558168	1.2384392	1.0602487
0.0	0.0	0.9976853	0.96451944	0.0023147175	0.03548056	1.2386838	1.0577924
0.0	0.0	0.99779665	0.9646171	0.0022033772	0.03538293	1.2386038	1.0556918
0.0	0.0	0.99789965	0.96471137	0.002100379	0.0352886	1.238363	1.0538881
-8.5951815e-06	0.0	0.99799514	0.9648027	0.0020048858	0.03519737	1.2384274	1.0523325
-1.7325232e-05	0.0	0.99808383	0.9648909	0.0019161676	0.035109065	1.2383603	1.0509843
-1.1592425e-05	0.0	0.9981665	0.9649765	0.0018335807	0.035023507	1.2382392	1.0498102
-2.6594334e-06	0.0	0.99824345	0.9650594	0.0017565632	0.03494057	1.2382379	1.0487831
0.0	0.0	0.99831545	0.9651399	0.0016846105	0.034860123	1.2381818	1.0478803
0.0	0.0	0.9983827	0.96521795	0.0016172776	0.03478201	1.2381115	1.0470834
0.0	0.0	0.9984458	0.9652938	0.0015541664	0.034706116	1.2380883	1.0463771
0.0	0.0	0.9985051	0.9653677	0.001494923	0.034632344	1.2380421	1.0457486
0.0	0.0	0.9985607	0.9654395	0.0014392269	0.034560572	1.2379947	1.0451874
0.0	0.0	0.99861324	0.96550924	0.0013867962	0.03449072	1.2379656	1.0446844
-6.4227805e-08	0.0	0.9986626	0.96557736	0.0013373721	0.034422666	1.2379274	1.0442322
-2.799286e-07	0.0	0.9987093	0.96564364	0.0012907225	0.034356344	1.2378913	1.0438246
-3.6205262e-07	0.0	0.9987533	0.9657083	0.0012466386	0.03429169	1.2378626	1.043456
-3.8755365e-07	0.0	0.99879503	0.9657714	0.0012049275	0.034228597	1.2378306	1.0431217
-3.9734795e-07	0.0	0.99883455	0.96583295	0.0011654175	0.03416702	1.2378012	1.0428178
-4.1030185e-07	0.0	0.998872	0.96589315	0.0011279536	0.034106884	1.2377746	1.0425411
-4.3411956e-07	0.0	0.99890757	0.96595186	0.001092391	0.034048133	1.2377476	1.0422883
-4.717515e-07	0.0	0.99894136	0.96600926	0.0010585983	0.0339907	1.2377228	1.042057
-5.24531e-07	0.0	0.9989736	0.96606547	0.0010264579	0.033934537	1.2376989	1.041845
-5.934188e-07	0.0	0.9990042	0.9661204	0.000995859	0.03387959	1.2376754	1.04165
-6.792995e-07	0.0	0.99903333	0.9661741	0.0009667024	0.03382581	1.2376536	1.0414706
-7.8282494e-07	0.0	0.99906117	0.96622676	0.0009388953	0.033773165	1.2376324	1.0413053
-9.0399016e-07	0.0	0.9990877	0.96627843	0.0009123526	0.033721592	1.2376122	1.0411526
-1.0415807e-06	0.0	0.999113	0.966329	0.00088699744	0.03367105	1.2375928	1.0410112
-1.1924933e-06	0.0	0.9991372	0.9663785	0.00086275657	0.03362153	1.2375742	1.0408803
-1.3510436e-06	0.0	0.9991604	0.966427	0.00083956245	0.033572964	1.2375562	1.0407588
-1.5083572e-06	0.0	0.99918264	0.9664747	0.00081735465	0.033525318	1.2375388	1.0406461
-1.6520788e-06	0.0	0.999204	0.96652144	0.0007960762	0.033478566	1.2375222	1.040541
-1.7666365e-06	0.0	0.9992243	0.96656734	0.0007756746	0.033432677	1.2375065	1.0404432
-1.8343808e-06	0.0	0.999244	0.96661234	0.0007561	0.033387616	1.2374909	1.040352
-1.8377727e-06	0.0	0.99926263	0.9666567	0.0007373066	0.03334337	1.2374761	1.0402668
-1.7626863e-06	0.0	0.99928075	0.96670014	0.0007192515	0.033299908	1.2374618	1.040187
-1.602404e-06	0.0	0.9992981	0.9667428	0.00070189626	0.033257198	1.2374479	1.0401125
-1.3615371e-06	0.0	0.9993148	0.9667848	0.0006852025	0.033215214	1.2374344	1.0400425
-1.0585128e-06	0.0	0.9993309	0.966826	0.0006691364	0.033173926	1.2374216	1.039977
-7.252254e-07	0.0	0.9993463	0.9668667	0.00065366674	0.033133328	1.2374089	1.0399154
-4.027143e-07	0.0	0.9993612	0.9669066	0.0006387618	0.033093397	1.2373968	1.0398576
-1.3283308e-07	0.0	0.99937564	0.96694595	0.00062439375	0.033054095	1.2373855	1.0398031
0.0	0.0	0.9993894	0.9669846	0.0006105367	0.033015423	1.2373741	1.0397519
0.0	0.0	0.9994029	0.96702266	0.0005971654	0.03297734	1.237363	1.0397036
0.0	0.0	0.99941576	0.9670602	0.00058425654	0.03293985	1.2373525	1.0396581
0.0	0.0	0.9994282	0.9670971	0.0005717887	0.032902926	1.2373422	1.039615
0.0	0.0	0.99944025	0.96713346	0.0005597406	0.032866556	1.2373321	1.0395745
-2.454693e-08	0.0	0.99945194	0.9671692	0.00054809405	0.03283072	1.2373226	1.039536
